0.000	57.95	
0.008	57.91	-0.074
0.017	57.86	-0.096
0.025	57.82	-0.088
0.033	57.78	-0.070
0.042	57.75	-0.064
0.050	57.74	-0.028
0.058	57.75	0.038
0.067	57.85	0.190
0.075	58.03	0.368
0.083	58.29	0.516
0.092	58.63	0.676
0.100	58.99	0.720
0.108	59.41	0.846
0.117	59.91	1.000
0.125	60.48	1.136
0.133	61.10	1.246
0.142	61.79	1.372
0.150	62.50	1.430
0.158	63.32	1.628
0.167	64.20	1.758
0.175	65.21	2.153
0.181	66.21	2.446
0.188	67.24	2.765
0.193	68.25	3.172
0.198	69.27	3.524
0.202	70.30	4.100
0.206	71.32	4.457
0.209	72.34	5.353
0.212	73.38	5.761
0.215	74.41	6.469
0.217	75.43	7.831
0.219	76.43	8.333
0.221	77.46	9.345
0.222	78.46	10.070
0.224	79.52	10.570
0.225	80.59	11.833
0.227	81.65	10.650
0.229	82.70	10.500
0.230	83.74	10.340
0.232	84.79	10.580
0.234	85.90	12.333
0.235	86.93	11.422
0.237	88.04	11.100
0.238	89.09	10.470
0.240	90.12	10.300
0.242	91.18	11.811
0.243	92.19	11.233
0.245	93.25	11.733
0.246	94.30	11.644
0.248	95.33	11.533
0.249	96.43	10.920
0.251	97.50	11.978
0.252	98.58	10.790
0.254	99.65	10.640
0.256	100.67	10.260
0.257	101.69	10.180
0.259	102.70	11.211
0.261	103.77	9.755
0.263	104.79	9.218
0.265	105.79	8.367
0.267	106.80	8.442
0.269	107.83	7.923
0.271	108.85	7.815
0.273	109.87	7.213
0.276	110.90	6.913
0.278	111.91	6.263
0.281	112.92	5.906
0.284	113.93	5.971
0.288	114.94	4.790
0.291	115.94	4.559
0.295	116.96	4.623
0.299	117.97	3.745
0.304	118.99	3.403
0.309	120.01	3.403
0.315	121.02	2.871
0.322	122.03	2.405
0.330	123.04	2.055
0.339	123.91	1.792
0.347	124.58	1.328
0.355	125.14	1.126
0.364	125.66	1.036
0.372	126.14	0.962
0.380	126.57	0.854
0.389	126.96	0.780
0.397	127.28	0.640
0.405	127.54	0.532
0.414	127.78	0.472
0.422	128.03	0.500
0.430	128.24	0.426
0.439	128.45	0.418
0.447	128.62	0.328
0.455	128.78	0.325
0.464	128.93	0.299
0.472	129.06	0.262
0.480	129.17	0.220
0.489	129.29	0.238
0.497	129.39	0.192
0.505	129.48	0.190
0.514	129.57	0.176
0.522	129.66	0.180
0.530	129.72	0.120
0.539	129.79	0.148
0.547	129.85	0.106
0.555	129.90	0.118
0.564	129.97	0.122
0.572	130.01	0.084
0.580	130.06	0.102
0.589	130.10	0.090
0.597	130.13	0.062
0.605	130.17	0.078
0.614	130.21	0.082
0.622	130.24	0.060
0.630	130.28	0.066
0.639	130.31	0.074
0.647	130.34	0.050
0.655	130.37	0.066
0.664	130.41	0.084
0.672	130.44	0.060
0.680	130.47	0.056
0.689	130.49	0.042
0.697	130.52	0.060
0.705	130.55	0.046
0.714	130.56	0.036
0.722	130.59	0.050
0.730	130.61	0.048
0.739	130.63	0.042
0.747	130.65	0.040
0.755	130.67	0.032
0.764	130.68	0.028
0.772	130.71	0.042
0.780	130.71	0.018
0.789	130.73	0.040
0.797	130.75	0.026
0.805	130.76	0.026
0.814	130.77	0.022
0.822	130.78	0.016
0.830	130.80	0.042
0.839	130.81	0.026
0.847	130.82	0.022
0.855	130.84	0.034
0.864	130.85	0.008
0.872	130.86	0.036
0.880	130.87	0.018
0.889	130.88	0.016
0.897	130.89	0.012
0.905	130.90	0.024
0.914	130.91	0.020
0.922	130.92	0.024
0.930	130.93	0.010
0.939	130.93	0.006
0.947	130.94	0.014
0.955	130.94	0.018
0.964	130.95	0.008
0.972	130.95	0.000
0.980	130.96	0.018
0.989	130.97	0.022
0.997	130.97	0.000
1.005	130.97	0.008
1.014	130.98	0.022
1.022	130.98	0.000
1.030	130.99	0.018
1.039	130.99	0.002
1.047	131.00	0.016
1.055	131.01	0.012
1.064	131.02	0.018
1.072	131.02	0.012
1.080	131.03	0.010
1.089	131.03	0.002
1.097	131.03	0.012
1.105	131.04	0.014
1.114	131.04	0.002
1.122	131.05	0.012
1.130	131.05	0.002
1.139	131.05	-0.002
1.147	131.05	0.002
1.155	131.06	0.012
1.164	131.06	0.004
1.172	131.06	0.002
1.180	131.06	0.002
1.189	131.06	0.002
1.197	131.06	0.006
1.205	131.07	0.004
1.214	131.07	0.004
1.222	131.07	0.004
1.230	131.07	0.004
1.239	131.07	0.006
1.247	131.07	-0.002
1.255	131.08	0.012
1.264	131.08	-0.002
1.272	131.08	0.002
1.280	131.08	0.010
1.289	131.08	0.000
1.297	131.09	0.002
1.305	131.09	0.000
1.314	131.09	0.006
1.322	131.09	0.004
1.330	131.09	0.006
1.339	131.10	0.014
1.347	131.10	0.002
1.355	131.10	-0.002
1.364	131.10	0.004
1.372	131.10	0.000
1.380	131.10	0.002
1.389	131.10	-0.006
1.397	131.10	0.002
1.405	131.10	0.004
1.414	131.10	-0.004
1.422	131.10	0.002
1.430	131.10	0.000
1.439	131.10	0.002
1.447	131.11	0.010
1.455	131.11	-0.004
1.464	131.11	0.002
1.472	131.11	0.000
1.480	131.11	0.000
1.489	131.11	0.000
1.497	131.11	-0.004
1.505	131.11	0.004
1.514	131.11	0.000
1.522	131.11	0.000
1.530	131.11	0.000